# RLE Code
# Brief
19,0,42,12,8,10,8,1,1,8,1,1,7,2,1,6,1,2,7,3,1,4,1,3,7,3,2,2,2,3,7,2,1,2,2,2,1,2,7,1,1,8,1,1,8,10,8,12,22

#Glas
15,0,16,12,4,10,6,8,7,8,8,6,10,4,12,2,13,2,13,2,13,2,13,2,10,8,9

#Haus
15,0,36,1,13,3,11,5,9,7,7,9,5,11,3,13,4,9,6,9,6,3,3,3,6,3,3,3,6,3,3,3,6,3,3,3,4

#Herz
19,0,42,5,1,5,7,13,6,13,6,13,6,13,7,11,9,9,11,7,13,5,15,3,17,1,9

#Noten
17,0,25,5,9,8,9,8,9,6,1,1,9,2,5,1,9,1,6,1,9,1,6,1,9,1,4,3,9,1,3,4,6,4,3,4,6,4,3,4,6,3,29

#Uhr
17,0,74,6,9,10,7,4,2,4,6,3,2,1,3,3,5,3,2,1,3,3,5,2,3,1,4,2,5,2,3,3,2,2,5,3,6,3,5,3,6,3,6,4,2,4,8,8,10,6